0 0 0 0
0.02 0 0 0
0.12 0 0 0
0.192939 0 0 0
0.2518969 0 0 0
0.2981598 0 0 0
0.3439759 0 0 0
0.3962647 0 0 0
0.4423069 0 0 0
0.4916373 0 0 0
0.5424635 0 0 0
0.58714 0 0 0
0.6368966 0 0 0
0.6879377 0 0 0
0.7337239 0 0 0
0.7798835 0 0 0
0.8316603 0 0 0
0.8768376 0 0 0
0.9228376 0 0 0
0.9749159 0 0 0
1.01982 0 0 0
1.064809 0 0 0
1.115138 0 0 0
1.16096 0 0 0
1.204919 0 0 0
1.256167 0 0 0
1.30059 0 0 0
1.345747 0 0 0
1.398641 0 0 0
1.445136 0 0 0
1.491596 0 0 0
1.542426 0 0 0
1.587576 0 0 0
1.633748 0 0 0
1.684292 0 0 0
1.729368 0 0 0
1.776357 0 0 0
1.828366 0 0 0
1.875378 0 0 0
1.919519 0 0 0
1.969001 0 0 0
2.015728 0 0 0
2.061101 0 0 0
2.11139 0 0 0
2.155346 0 0 0
2.199976 0 0 0
2.250338 0 0 0
2.29593 0 0 0
2.34189 0 0 0
2.397698 0 0 0
2.442334 0 0 0
2.487284 0 0 0
2.537156 0 0 0
2.581887 0 0 0
2.626853 0 0 0
2.678022 0 0 0
2.722492 0 0 0
2.769716 0 0 0
2.819866 0 0 0
2.864412 0 0 0
2.908998 0 0 0
2.960307 0 0 0
3.005189 0 0 0
3.049319 0 0 0
3.101074 0 0 0
3.146822 0 0 0
3.191354 0 0 0
3.242496 0 0 0
3.289847 0 0 0
3.336404 0 0 0
3.386575 0 0 0
3.431383 0 0 0
3.476297 0 0 0
3.527618 0 0 0
3.572536 0 0 0
3.617619 0 0 0
3.667677 0 0 0
3.71208 0 0 0
3.758321 0 0 0
3.810118 0 0 0
3.854515 0 0 0
3.899881 0 0 0
3.949707 0 0 0
3.994215 0 0 0
4.041345 0 0 0
4.091789 0 0 0
4.136663 0 0 0
4.181499 0 0 0
4.23141 0 0 0
4.277017 0 0 0
4.321265 0 0 0
4.371707 0 0 0
4.418114 0 0 0
4.464658 0 0 0
4.514847 0 0 0
4.560018 0 0 0
4.605144 0 0 0
4.655263 0 0 0
4.69983 0 0 0
4.74485 0 0 0
4.797199 0 0 0
4.844685 0 0 0
4.890415 0 0 0
4.942711 0 0 0
4.987327 0 0 0
5.032736 0 0 0
5.089418 0 0 0
5.134271 0 0 0
5.179157 0 0 0
5.229616 0 0 0
5.275847 0 0 0
5.321196 0 0 0
5.37095 0 0 0
5.415975 0 0 0
5.461134 0 0 0
5.512754 0 0 0
5.557292 0 0 0
5.601783 0 0 0
5.653321 0 0 0
5.697955 0 0 0
5.744332 0 0 0
5.795779 0 0 0
5.841011 0 0 0
5.885117 0 0 0
5.936177 0 0 0
5.980706 0 0 0
6.026133 0 0 0
6.076937 0 0 0
6.121297 0 0 0
6.166313 0 0 0
6.217121 0 0 0
6.262104 0 0 0
6.308906 0 0 0
6.363214 0 0 0
6.408363 0 0 0
6.453042 0 0 0
6.504535 0 0 0
6.551746 0 0 0
6.596756 0 0 0
6.646448 0 0 0
6.695501 0 0 0
6.742952 0 0 0
6.797774 0 0 0
6.8455 0 0 0
6.895236 0 0 0
6.949821 0 0 0
6.998965 0 0 0
7.047527 0 0 0
7.103239 0 0 0
7.150887 0 0 0
7.199537 0 0 0
7.254999 0 0 0
7.304526 0 0 0
7.353423 0 0 0
7.408553 0 0 0
7.45731 0 0 0
7.506771 0 0 0
7.55986 0 0 0
7.60919 0 0 0
7.657851 0 0 0
7.713382 0 0 0
7.762531 0 0 0
7.829404 0 0 0
7.883521 0 0 0
7.935343 0 0 0
7.983376 0 0 0
8.040831 0 0 0
8.089291 0 0 0
8.139533 0 0 0
8.193663 0 0 0
8.242004 0 0 0
8.29099 0 0 0
8.346264 0 0 0
8.396168 0 0 0
8.447244 0 0 0
8.501313 0 0 0
8.551893 0 0 0
8.60062 0 0 0
8.653778 0 0 0
8.701917 0 0 0
8.75125 0 0 0
8.806897 0 0 0
8.855667 0 0 0
8.905934 0 0 0
8.959785 0 0 0
9.00882 0 0 0
9.058229 0 0 0
9.112601 0 0 0
9.160728 0 0 0
9.210598 0 0 0
9.265082 0 0 0
9.314304 0 0 0
9.362412 0 0 0
9.416058 0 0 0
9.46589 0 0 0
9.514745 0 0 0
9.568952 0 0 0
9.617407 0 0 0
9.665562 0 0 0
9.719267 0 0 0
9.76809 0 0 0
9.81693 0 0 0
9.869303 0 0 0
9.917862 0 0 0
9.967315 0 0 0
10.02181 0 0 0
10.06998 0 0 0
10.11899 0 0 0
10.17373 0 0 0
10.22232 0 0 0
10.27241 0 0 0
10.32541 0 0 0
10.37394 0 0 0
10.42267 0 0 0
10.4768 0 0 0
10.52471 0 0 0
10.5737 0 0 0
10.62785 0 0 0
10.67589 0 0 0
10.72518 0 0 0
10.77854 0 0 0
10.8263 0 0 0
10.8747 0 0 0
10.92901 0 0 0
10.97799 0 0 0
11.07383 0 0 0
11.12906 0 0 0
11.17738 0 0 0
11.22504 0 0 0
11.27884 0 0 0
11.32841 0 0 0
11.37594 0 0 0
11.43 0 0 0
11.47882 0 0 0
11.52624 0 0 0
11.58007 0 0 0
11.62758 0 0 0
11.67494 0 0 0
11.7292 0 0 0
11.77817 0 0 0
11.82675 0 0 0
11.88296 0 0 0
11.9315 0 0 0
11.97998 0 0 0
12.0338 0 0 0
12.08158 0 0 0
12.12974 0 0 0
12.18313 0 0 0
12.23093 0 0 0
12.27954 0 0 0
12.33299 0 0 0
12.38107 0 0 0
12.42871 0 0 0
12.48165 0 0 0
12.52897 0 0 0
12.57709 0 0 0
12.63072 0 0 0
12.67772 0 0 0
12.72512 0 0 0
12.77789 0 0 0
12.82722 0 0 0
12.87552 0 0 0
12.93023 0 0 0
12.97993 0 0 0
13.03081 0 0 0
13.08321 0 0 0
13.13115 0 0 0
13.17888 0 0 0
13.23441 0 0 0
13.28293 0 0 0
13.33193 0 0 0
13.38543 0 0 0
13.43465 0 0 0
13.4842 0 0 0
13.53964 0 0 0
13.5885 0 0 0
13.63811 0 0 0
13.69227 0 0 0
13.74129 0 0 0
13.78957 0 0 0
13.84319 0 0 0
13.89147 0 0 0
13.94132 0 0 0
13.99602 0 0 0
14.04504 0 0 0
14.09305 0 0 0
14.14655 0 0 0
14.19471 0 0 0
14.24431 0 0 0
14.29779 0 0 0
14.34543 0 0 0
14.39371 0 0 0
14.44792 0 0 0
14.49782 0 0 0
14.54616 0 0 0
14.60145 0 0 0
14.64878 0 0 0
14.69661 0 0 0
14.74932 0 0 0
14.79882 0 0 0
14.84613 0 0 0
14.89938 0 0 0
14.94699 0 0 0
14.99511 0 0 0
15.04801 0 0 0
15.09549 0 0 0
15.14281 0 0 0
15.19715 0 0 0
15.24517 0 0 0
15.29332 0 0 0
15.34725 0 0 0
15.39451 0 0 0
15.44246 0 0 0
15.49679 0 0 0
15.54457 0 0 0
15.59297 0 0 0
15.64514 0 0 0
15.69318 0 0 0
15.74193 0 0 0
15.79513 0 0 0
15.84253 0 0 0
15.89318 0 0 0
15.94673 0 0 0
15.99637 0 0 0
16.04454 0 0 0
16.09922 0 0 0
16.14665 0 0 0
16.19764 0 0 0
16.25075 0 0 0
16.29881 0 0 0
16.34641 0 0 0
16.40034 0 0 0
16.44744 0 0 0
16.49634 0 0 0
16.54908 0 0 0
16.59856 0 0 0
16.64638 0 0 0
16.69962 0 0 0
16.74677 0 0 0
16.79546 0 0 0
16.84813 0 0 0
16.89679 0 0 0
16.94439 0 0 0
16.99856 0 0 0
17.0459 0 0 0
17.09513 0 0 0
17.14779 0 0 0
17.19568 0 0 0
17.24377 0 0 0
17.29755 0 0 0
17.34657 0 0 0
17.39428 0 0 0
17.44665 0 0 0
17.49594 0 0 0
17.54374 0 0 0
17.59741 0 0 0
17.64477 0 0 0
17.69411 0 0 0
17.74661 0 0 0
17.79414 0 0 0
17.84115 0 0 0
17.89642 0 0 0
17.94375 0 0 0
17.99267 0 0 0
18.04459 0 0 0
18.09214 0 0 0
18.13939 0 0 0
18.19357 0 0 0
18.24222 0 0 0
18.29112 0 0 0
18.34409 0 0 0
18.3916 0 0 0
18.43931 0 0 0
18.49325 0 0 0
18.54072 0 0 0
18.58983 0 0 0
18.64399 0 0 0
18.69181 0 0 0
18.74125 0 0 0
18.79574 0 0 0
18.8439 0 0 0
18.89296 0 0 0
18.94575 0 0 0
18.9937 0 0 0
19.04236 0 0 0
19.09633 0 0 0
19.14335 0 0 0
19.19173 0 0 0
19.24542 0 0 0
19.29462 0 0 0
19.34408 0 0 0
19.39796 0 0 0
19.44617 0 0 0
19.49381 0 0 0
19.54729 0 0 0
19.59484 0 0 0
19.64275 0 0 0
19.69596 0 0 0
19.74346 0 0 0
19.79136 0 0 0
19.84534 0 0 0
19.8946 0 0 0
19.94306 0 0 0
19.99668 0 0 0
20.04447 0 0 0
20.09448 0 0 0
20.14785 0 0 0
20.19711 0 0 0
20.24407 0 0 0
20.29886 0 0 0
20.34719 0 0 0
20.39485 0 0 0
20.44686 0 0 0
20.49499 0 0 0
20.54245 0 0 0
20.59632 0 0 0
20.64418 0 0 0
20.69239 0 0 0
20.74582 0 0 0
20.79503 0 0 0
20.84522 0 0 0
20.90146 0 0 0
20.94931 0 0 0
20.99878 0 0 0
21.05276 0 0 0
21.10135 0 0 0
21.14963 0 0 0
21.20452 0 0 0
21.25367 0 0 0
21.30405 0 0 0
21.35835 0 0 0
21.40725 0 0 0
21.45807 0 0 0
21.51356 0 0 0
21.56241 0 0 0
21.61388 0 0 0
21.66812 0 0 0
21.76812 0 0 0
21.81701 0 0 0
21.87438 0 0 0
21.92451 0 0 0
21.97352 0 0 0
22.02661 0 0 0
22.07632 0 0 0
22.12419 0 0 0
22.17637 0 0 0
22.22357 0 0 0
22.27166 0 0 0
22.32521 0 0 0
22.37234 0 0 0
22.41874 0 0 0
22.47144 0 0 0
22.51676 0 0 0
22.56211 0 0 0
22.614 0 0 0
22.65927 0 0 0
22.70457 0 0 0
22.75675 0 0 0
22.80266 0 0 0
22.8518 0 0 0
22.90291 0 0 0
22.94861 0 0 0
22.9943 0 0 0
23.04585 0 0 0
23.09138 0 0 0
23.13761 0 0 0
23.18857 0 0 0
23.2352 0 0 0
23.28196 0 0 0
23.33352 0 0 0
23.37984 0 0 0
23.42618 0 0 0
23.47838 0 0 0
23.52378 0 0 0
23.57064 0 0 0
23.62169 0 0 0
23.6686 0 0 0
23.71487 0 0 0
23.76766 0 0 0
23.81458 0 0 0
23.86054 0 0 0
23.91339 0 0 0
23.95906 0 0 0
24.00663 0 0 0
24.05881 0 0 0
24.10573 0 0 0
24.15215 0 0 0
24.20462 0 0 0
24.25808 0 0 0
24.30619 0 0 0
24.35792 0 0 0
24.40734 0 0 0
